epoch:0 0.2934  0.6118  0.2275  0.0649  0.2581  0.3549  0.2737  0.4685  0.4842  0.1264  0.4246  0.5404  10.2811  0.001
epoch:1 0.4889  0.7742  0.5507  0.1366  0.3838  0.577  0.4132  0.6066  0.6205  0.2383  0.5264  0.6874  6.6461  0.000997
epoch:2 0.4981  0.7902  0.5599  0.1587  0.3863  0.5807  0.4162  0.6044  0.618  0.2694  0.5156  0.6828  6.0806  0.000989
epoch:3 0.4907  0.7876  0.546  0.1648  0.3848  0.5721  0.4133  0.6051  0.62  0.2874  0.5287  0.6791  5.8333  0.000976
epoch:4 0.5099  0.7901  0.5811  0.1726  0.4117  0.59  0.4224  0.6193  0.6344  0.2929  0.5474  0.6911  5.6126  0.00957
epoch:5 0.5218  0.8066  0.5912  0.178  0.4189  0.5916  0.4292  0.6251  0.6396  0.2879  0.5427  0.6997  5.6512  0.000934
epoch:6 0.5187  0.8009  0.5893  0.1794  0.4257  0.5925  0.422  0.6202  0.6359  0.3063  0.5635  0.6893  5.4484  0.000905
epoch:7 0.5336  0.8059  0.6076  0.1823  0.429  0.6138  0.4379  0.6346  0.6495  0.3054  0.5545  0.711  5.3175  0.000873
epoch:8 0.5498  0.8066  0.6218  0.1735  0.4369  0.6336  0.4456  0.6476  0.6626  0.3079  0.5653  0.7285  5.307  0.000836
epoch:9 0.5445  0.8057  0.6274  0.1825  0.445  0.6269  0.438  0.6411  0.6557  0.3076  0.5747  0.7181  5.148  0.000796
epoch:10 0.532  0.798  0.6059  0.1833  0.4272  0.6159  0.4395  0.6376  0.6512  0.3086  0.5537  0.7181  5.0508  0.000752
epoch:11 0.5574  0.8063  0.6272  0.1873  0.44  0.6416  0.4524  0.6543  0.6682  0.3139  0.5658  0.7358  5.1974  0.000706
epoch:12 0.5675  0.8088  0.6422  0.1985  0.4522  0.6542  0.4584  0.6609  0.6734  0.3248  0.5752  0.7415  4.9259  0.000658
epoch:13 0.5553  0.8114  0.6323  0.1854  0.439  0.6358  0.4466  0.6481  0.662  0.3285  0.5664  0.7247  4.7405  0.000608
epoch:14 0.5663  0.8106  0.6375  0.1873  0.4472  0.6588  0.4565  0.6612  0.6745  0.307  0.5721  0.7462  4.9034  0.000557
epoch:15 0.5627  0.8094  0.6354  0.1939  0.4462  0.6529  0.4526  0.6569  0.6703  0.3335  0.5734  0.7374  4.9803  0.000505
epoch:16 0.5677  0.8085  0.6402  0.1973  0.4517  0.6551  0.4573  0.6629  0.6762  0.3204  0.5772  0.7464  4.6182  0.000453
epoch:17 0.569  0.8107  0.6387  0.1954  0.4483  0.6604  0.46  0.6666  0.6802  0.3323  0.5761  0.7497  4.7454  0.000402
epoch:18 0.5783  0.8097  0.646  0.201  0.4564  0.669  0.4661  0.6719  0.6847  0.3265  0.5749  0.7567  4.4123  0.000352
epoch:19 0.5808  0.8111  0.642  0.188  0.4568  0.6721  0.4654  0.6734  0.6866  0.3172  0.5771  0.7591  4.5915  0.000304
epoch:20 0.5774  0.8078  0.6411  0.1916  0.4519  0.6753  0.4669  0.6745  0.6881  0.3247  0.5772  0.7601  4.6747  0.000258
epoch:21 0.5879  0.8127  0.6522  0.197  0.4559  0.683  0.4716  0.6801  0.6934  0.3189  0.5778  0.7702  4.485  0.000214
epoch:22 0.5858  0.8074  0.6515  0.2126  0.4622  0.6786  0.4695  0.677  0.6904  0.3427  0.5814  0.7609  4.5962  0.000174
epoch:23 0.5893  0.8127  0.6501  0.2056  0.4596  0.6851  0.4729  0.682  0.6954  0.3345  0.583  0.7703  4.4483  0.000137
epoch:24 0.5902  0.8123  0.654  0.197  0.4601  0.6867  0.4738  0.683  0.6969  0.3279  0.5835  0.773  4.4526  0.000105
epoch:25 0.5948  0.816  0.6585  0.2031  0.4691  0.6888  0.4766  0.6864  0.7002  0.3379  0.5899  0.7736  4.4878  0.000076
epoch:26 0.5921  0.8136  0.6555  0.2036  0.4706  0.6847  0.4746  0.6841  0.6975  0.3446  0.5915  0.7681  4.5259  0.000053
epoch:27 0.5896  0.8089  0.6511  0.204  0.4666  0.6839  0.4734  0.682  0.6949  0.3422  0.5852  0.7669  4.3678  0.000034
epoch:28 0.5956  0.8149  0.6579  0.2089  0.4683  0.6893  0.4768  0.6868  0.7008  0.3448  0.5908  0.7741  4.5182  0.000021
epoch:29 0.5907  0.8097  0.6508  0.2078  0.4701  0.6831  0.4726  0.682  0.695  0.3476  0.5906  0.7645  4.2529  0.000013
