epoch:0 0.3364  0.6827  0.2723  0.0471  0.2199  0.4141  0.3049  0.4786  0.5078  0.1417  0.4126  0.5742
epoch:1 0.4762  0.769  0.5272  0.0979  0.3472  0.5647  0.3965  0.5926  0.6177  0.2393  0.5077  0.6876
epoch:2 0.5047  0.7788  0.5646  0.1303  0.3836  0.5917  0.4133  0.6209  0.6457  0.2838  0.5403  0.7109
epoch:3 0.5217  0.7891  0.5898  0.1425  0.4098  0.6033  0.4234  0.6353  0.6604  0.3016  0.5642  0.7223
epoch:4 0.5314  0.7942  0.5949  0.1442  0.4179  0.6163  0.4316  0.6454  0.671  0.3273  0.5731  0.7331
epoch:5 0.5404  0.7985  0.6133  0.165  0.4373  0.6167  0.435  0.6522  0.6765  0.3293  0.5936  0.7322
epoch:6 0.5497  0.8019  0.619  0.1697  0.4439  0.6291  0.4402  0.6589  0.6841  0.349  0.5997  0.7418
epoch:7 0.556  0.804  0.6289  0.1742  0.4421  0.6364  0.4448  0.6656  0.6901  0.3574  0.5978  0.7498
epoch:8 0.553  0.8053  0.6204  0.1739  0.4371  0.6354  0.4441  0.6623  0.6864  0.3411  0.5916  0.7493
epoch:9 0.55  0.8068  0.629  0.1829  0.4518  0.6244  0.4394  0.6602  0.685  0.3454  0.6059  0.7401
epoch:10 0.5661  0.8085  0.6334  0.1819  0.4522  0.6456  0.4524  0.6737  0.6978  0.3474  0.606  0.7587
epoch:11 0.5629  0.8049  0.6308  0.179  0.4503  0.6439  0.4505  0.6714  0.6954  0.3542  0.6049  0.7561
epoch:12 0.5698  0.8089  0.6394  0.1865  0.4515  0.653  0.4551  0.6771  0.701  0.3613  0.604  0.7633
epoch:13 0.5787  0.8115  0.6465  0.2009  0.4583  0.6612  0.4601  0.6843  0.709  0.3886  0.6132  0.7708
epoch:14 0.5775  0.8093  0.6396  0.1891  0.4675  0.658  0.4594  0.685  0.7093  0.3836  0.6211  0.7681
epoch:15 0.5802  0.8102  0.6458  0.189  0.4637  0.6638  0.4625  0.6877  0.7128  0.3706  0.6157  0.7747
epoch:16 0.5808  0.8124  0.6458  0.2172  0.4662  0.662  0.4618  0.6872  0.7111  0.3942  0.6137  0.7731
epoch:17 0.5862  0.8136  0.6498  0.1945  0.4674  0.6693  0.4656  0.6922  0.7164  0.3813  0.6191  0.7791
epoch:18 0.5822  0.8119  0.6441  0.2063  0.4621  0.666  0.4641  0.6898  0.7145  0.3906  0.6167  0.777
epoch:19 0.5847  0.8113  0.6477  0.2129  0.4679  0.6696  0.4668  0.6927  0.7174  0.4008  0.6226  0.7803
epoch:20 0.5871  0.8136  0.6505  0.206  0.4661  0.6714  0.4665  0.6927  0.7167  0.3892  0.6196  0.7796
epoch:21 0.5883  0.8128  0.6517  0.2025  0.4685  0.6721  0.468  0.6961  0.7203  0.3924  0.6248  0.7828
epoch:22 0.5867  0.8129  0.6472  0.1971  0.4696  0.6705  0.4676  0.6944  0.7192  0.3935  0.6243  0.7813
epoch:23 0.5875  0.813  0.6515  0.218  0.4694  0.6701  0.4671  0.6945  0.7193  0.4067  0.6216  0.7806
epoch:24 0.5892  0.8137  0.6514  0.2023  0.4754  0.6712  0.4685  0.6969  0.7214  0.4059  0.6283  0.7818
epoch:25 0.5897  0.8131  0.6505  0.2013  0.473  0.6735  0.4693  0.6973  0.7217  0.4032  0.6273  0.7834
epoch:26 0.5918  0.8139  0.6527  0.2154  0.4699  0.6761  0.47  0.6986  0.723  0.4019  0.6226  0.7859
epoch:27 0.5908  0.8132  0.6511  0.2054  0.4738  0.6736  0.4699  0.6988  0.7231  0.3989  0.6272  0.7847
epoch:28 0.5928  0.8143  0.655  0.2063  0.4732  0.6756  0.4711  0.699  0.7237  0.395  0.6258  0.7857
epoch:29 0.5929  0.8141  0.6541  0.2066  0.4735  0.6761  0.4712  0.6996  0.724  0.4015  0.627  0.7861
