epoch:0 0.0025  0.0126  0.0001  0.0  0.0182  0.0047  0.014  0.0771  0.0785  0.0  0.0171  0.2436  0.8547  0.005
epoch:0 0.0024  0.0117  0.0003  0.0  0.0025  0.0052  0.0129  0.0735  0.0841  0.0  0.0187  0.1942  0.837  0.005
epoch:1 0.0048  0.0188  0.0003  0.0  0.0089  0.0152  0.0213  0.0929  0.1109  0.0  0.0302  0.2133  0.408  0.005
epoch:2 0.0135  0.0374  0.0098  0.0  0.0052  0.0227  0.0277  0.098  0.1211  0.0  0.0376  0.2169  0.3959  0.005
epoch:3 0.0139  0.041  0.006  0.0  0.0012  0.0225  0.0347  0.0966  0.1241  0.0  0.0424  0.2082  0.3879  0.00165
epoch:4 0.0198  0.0585  0.0089  0.0  0.004  0.0337  0.0307  0.1049  0.1292  0.0  0.0485  0.2238  0.3919  0.00165
epoch:5 0.0201  0.059  0.0097  0.0  0.0074  0.038  0.0301  0.1078  0.1368  0.0  0.0521  0.2401  0.3876  0.00165
epoch:6 0.0198  0.0688  0.009  0.0  0.0038  0.0415  0.0287  0.1047  0.134  0.0  0.053  0.254  0.3827  0.000545
epoch:7 0.0167  0.0561  0.0037  0.0  0.0031  0.0366  0.0304  0.1108  0.1399  0.0  0.0504  0.2418  0.3861  0.000545
epoch:8 0.0186  0.0582  0.0054  0.0  0.0033  0.0375  0.0338  0.1225  0.1531  0.0  0.0625  0.2782  0.385  0.000545
epoch:9 0.0181  0.0573  0.007  0.0  0.0061  0.0331  0.0362  0.1151  0.1504  0.0  0.0605  0.2621  0.3863  0.00018
epoch:10 0.0197  0.0661  0.0067  0.0  0.0073  0.0375  0.0348  0.1147  0.1514  0.0  0.0682  0.2523  0.3857  0.00018
epoch:11 0.0207  0.0677  0.0103  0.0  0.0091  0.0422  0.033  0.115  0.1461  0.0  0.0632  0.26  0.3856  0.00018
epoch:12 0.0218  0.0623  0.0116  0.0  0.0088  0.0419  0.0396  0.1205  0.1524  0.0  0.0632  0.2687  0.3862  5.9e-05
epoch:13 0.0176  0.0594  0.0071  0.0  0.0062  0.0376  0.0332  0.1101  0.139  0.0  0.0556  0.2478  0.386  5.9e-05
epoch:14 0.0207  0.0602  0.0097  0.0  0.0085  0.0375  0.0304  0.1108  0.1469  0.0  0.0642  0.2523  0.3876  5.9e-05
epoch:15 0.0214  0.0644  0.0088  0.0  0.0047  0.0421  0.0377  0.1216  0.1596  0.0  0.0629  0.2807  0.3869  2e-05
epoch:16 0.0275  0.07  0.0201  0.0  0.0084  0.0529  0.0411  0.119  0.1498  0.0  0.062  0.2616  0.3858  2e-05
epoch:17 0.0186  0.0603  0.0083  0.0  0.0067  0.0415  0.0367  0.1134  0.1426  0.0  0.0602  0.2594  0.3852  2e-05
epoch:18 0.0191  0.0617  0.0066  0.0  0.0027  0.0385  0.0368  0.1145  0.142  0.0  0.0489  0.2608  0.3852  6e-06
epoch:19 0.0217  0.0635  0.0106  0.0  0.0076  0.0402  0.0354  0.1199  0.1537  0.0  0.0638  0.2608  0.3854  6e-06
epoch:20 0.0227  0.0649  0.0131  0.0  0.0083  0.0421  0.0363  0.117  0.146  0.0  0.0571  0.2635  0.3857  6e-06
epoch:21 0.0197  0.0668  0.0061  0.0  0.0042  0.0379  0.0367  0.1164  0.1455  0.0  0.0667  0.2383  0.3886  2e-06
epoch:22 0.0213  0.0592  0.0117  0.0  0.0043  0.0415  0.0358  0.1231  0.1515  0.0  0.0627  0.2659  0.3869  2e-06
epoch:23 0.0202  0.0611  0.0092  0.0  0.0065  0.0411  0.033  0.1301  0.161  0.0  0.0673  0.2769  0.386  2e-06
epoch:24 0.0214  0.0689  0.005  0.0  0.0042  0.0374  0.0351  0.1149  0.146  0.0  0.0579  0.2672  0.3867  1e-06
epoch:25 0.0223  0.0722  0.0058  0.0001  0.0073  0.0434  0.0368  0.1207  0.1561  0.0045  0.0703  0.2737  0.3847  1e-06
epoch:26 0.0225  0.0708  0.0118  0.0  0.0075  0.0422  0.0324  0.1143  0.1487  0.0  0.0606  0.2644  0.3872  1e-06
epoch:27 0.0193  0.0617  0.0049  0.0  0.0048  0.0382  0.037  0.1172  0.1559  0.0  0.0738  0.246  0.3863  0.0
epoch:28 0.0221  0.0612  0.0152  0.0  0.0057  0.0446  0.0378  0.1184  0.1595  0.0  0.0668  0.2786  0.3864  0.0
epoch:29 0.0199  0.0694  0.0059  0.0  0.0099  0.0384  0.0351  0.1194  0.1487  0.0  0.0647  0.2458  0.3874  0.0
epoch:30 0.021  0.0666  0.0057  0.0  0.0046  0.0421  0.0386  0.1203  0.1489  0.0  0.0561  0.2667  0.3874  0.0
epoch:31 0.0224  0.0733  0.0079  0.0  0.007  0.0445  0.0409  0.1142  0.1484  0.0  0.063  0.2681  0.3861  0.0
epoch:32 0.0224  0.0698  0.0067  0.0  0.0042  0.0451  0.0393  0.1215  0.1559  0.0  0.0685  0.2663  0.3863  0.0
epoch:33 0.0178  0.0567  0.0089  0.0  0.0114  0.0339  0.0331  0.1221  0.1509  0.0  0.0674  0.253  0.3876  0.0
epoch:34 0.0208  0.0625  0.0107  0.0  0.0057  0.0429  0.0382  0.1096  0.1439  0.0  0.0579  0.2602  0.3853  0.0
epoch:35 0.0222  0.0609  0.0135  0.0  0.0062  0.04  0.0368  0.125  0.1558  0.0  0.0707  0.2637  0.3872  0.0
epoch:36 0.0256  0.0769  0.0131  0.0  0.004  0.0493  0.046  0.116  0.151  0.0  0.0636  0.2705  0.3862  0.0
epoch:37 0.0218  0.0672  0.0065  0.0  0.0064  0.0416  0.0356  0.1169  0.1491  0.0  0.0661  0.2583  0.3877  0.0
epoch:38 0.0205  0.0631  0.0085  0.0  0.0083  0.0396  0.0393  0.1253  0.1611  0.0  0.0686  0.2789  0.3881  0.0
epoch:39 0.0219  0.0686  0.0077  0.0  0.0057  0.0418  0.0386  0.1169  0.1438  0.0  0.0598  0.2404  0.3854  0.0
epoch:40 0.0189  0.061  0.0126  0.0  0.0082  0.0364  0.0384  0.1197  0.1477  0.0  0.0639  0.259  0.3853  0.0
epoch:41 0.0218  0.0657  0.0151  0.0  0.0088  0.0388  0.0362  0.1152  0.1481  0.0  0.0654  0.2525  0.3848  0.0
epoch:42 0.027  0.0746  0.0167  0.0  0.0067  0.0485  0.045  0.1213  0.1556  0.0  0.0674  0.272  0.3861  0.0
epoch:43 0.0181  0.0613  0.0089  0.0  0.0073  0.0345  0.0337  0.1215  0.1559  0.0  0.0682  0.2572  0.3855  0.0
epoch:44 0.0196  0.0612  0.0096  0.0  0.0084  0.0401  0.0371  0.117  0.152  0.0  0.0645  0.2613  0.3843  0.0
epoch:45 0.02  0.0661  0.0071  0.0  0.0092  0.0419  0.0372  0.1177  0.1489  0.0  0.0633  0.2619  0.3852  0.0
epoch:46 0.0219  0.0717  0.003  0.0  0.0072  0.0457  0.04  0.1219  0.1533  0.0  0.0652  0.2782  0.3842  0.0
epoch:47 0.0206  0.0628  0.0072  0.0  0.0043  0.039  0.0373  0.1204  0.1561  0.0  0.071  0.265  0.3876  0.0
epoch:48 0.0212  0.0649  0.0056  0.0  0.005  0.0395  0.0392  0.1177  0.1488  0.0  0.0574  0.2709  0.3871  0.0
epoch:49 0.0213  0.0718  0.0057  0.0  0.0054  0.0402  0.0364  0.1196  0.1513  0.0  0.0635  0.2711  0.3868  0.0
epoch:50 0.0164  0.0567  0.0051  0.0  0.0052  0.0341  0.0255  0.1169  0.1477  0.0  0.0591  0.2628  0.385  0.0
epoch:51 0.0206  0.061  0.0093  0.0  0.0061  0.042  0.0418  0.109  0.1424  0.0  0.0622  0.2471  0.3862  0.0
epoch:52 0.0241  0.0721  0.0154  0.0  0.0103  0.0454  0.0394  0.1234  0.1576  0.0  0.065  0.28  0.3873  0.0
epoch:53 0.0224  0.0662  0.0121  0.0  0.0069  0.0392  0.0414  0.1183  0.1468  0.0  0.0597  0.2574  0.3875  0.0
epoch:54 0.0229  0.0712  0.0125  0.0  0.0081  0.044  0.0398  0.1161  0.1535  0.0  0.0699  0.2674  0.3877  0.0
epoch:55 0.0196  0.0736  0.0052  0.0  0.007  0.0437  0.0381  0.1206  0.1558  0.0  0.0768  0.2566  0.3862  0.0
epoch:56 0.0245  0.0693  0.0148  0.0  0.0048  0.0452  0.0355  0.1213  0.1536  0.0  0.0638  0.2746  0.3867  0.0
epoch:57 0.0206  0.0637  0.0106  0.0  0.0045  0.0372  0.0283  0.1169  0.1518  0.0  0.0645  0.2583  0.3863  0.0
epoch:58 0.019  0.0611  0.01  0.0  0.0057  0.0425  0.036  0.1155  0.1477  0.0  0.0647  0.2659  0.3873  0.0
epoch:59 0.019  0.0638  0.0041  0.0  0.0063  0.0335  0.0348  0.1128  0.1467  0.0  0.0649  0.2588  0.3856  0.0
epoch:60 0.0221  0.0667  0.0128  0.0  0.0078  0.043  0.0376  0.1175  0.1482  0.0  0.0613  0.2664  0.3876  0.0
epoch:61 0.0222  0.0664  0.0104  0.0  0.0061  0.0424  0.0403  0.1192  0.152  0.0  0.0632  0.273  0.3857  0.0
epoch:62 0.0237  0.0658  0.0141  0.0  0.0073  0.0544  0.0406  0.1177  0.1482  0.0  0.0656  0.2536  0.387  0.0
epoch:63 0.0189  0.0622  0.0049  0.0  0.0041  0.0393  0.034  0.1147  0.1472  0.0  0.0675  0.2474  0.386  0.0
epoch:64 0.0181  0.0562  0.0072  0.0  0.0048  0.0336  0.0386  0.1177  0.1517  0.0  0.0635  0.2714  0.3849  0.0
epoch:65 0.0209  0.0678  0.0103  0.0  0.0075  0.0416  0.0368  0.1159  0.1447  0.0  0.0617  0.2367  0.3875  0.0
epoch:66 0.0182  0.0607  0.0062  0.0  0.0059  0.0405  0.0359  0.1152  0.1451  0.0  0.0563  0.2641  0.3857  0.0
epoch:67 0.0208  0.0666  0.0069  0.0  0.0069  0.0414  0.0416  0.1163  0.1461  0.0  0.0637  0.2613  0.3861  0.0
epoch:68 0.0239  0.0744  0.0046  0.0  0.0066  0.0418  0.0409  0.1186  0.1559  0.0  0.0671  0.2644  0.3866  0.0
epoch:69 0.0221  0.0671  0.0114  0.0  0.0087  0.0418  0.0423  0.1223  0.1568  0.0  0.0705  0.2723  0.388  0.0
epoch:70 0.0203  0.0643  0.0095  0.0  0.0062  0.0403  0.0355  0.1226  0.1521  0.0  0.0639  0.2548  0.3861  0.0
epoch:71 0.0221  0.0663  0.0132  0.0  0.0061  0.0451  0.04  0.1142  0.1499  0.0  0.0662  0.2623  0.3865  0.0
epoch:72 0.0162  0.0621  0.0047  0.0  0.0101  0.0293  0.0303  0.1172  0.1487  0.0  0.0621  0.2582  0.3871  0.0
epoch:73 0.0203  0.0695  0.0033  0.0  0.0056  0.0395  0.0357  0.1156  0.1506  0.0  0.0648  0.2663  0.3861  0.0
epoch:74 0.0206  0.0639  0.0081  0.0  0.0052  0.0364  0.0348  0.1135  0.1443  0.0  0.065  0.2451  0.3861  0.0
epoch:75 0.0199  0.0583  0.0108  0.0  0.0042  0.0407  0.0353  0.119  0.1507  0.0  0.0606  0.2664  0.3861  0.0
epoch:76 0.0194  0.0594  0.0105  0.0  0.004  0.0441  0.0374  0.1208  0.1565  0.0  0.0701  0.2813  0.3883  0.0
epoch:77 0.0206  0.0587  0.0036  0.0  0.0033  0.0409  0.0434  0.1096  0.1417  0.0  0.0536  0.2711  0.3853  0.0
epoch:78 0.0244  0.0741  0.0117  0.0  0.0075  0.045  0.0434  0.1129  0.1475  0.0  0.0629  0.257  0.3875  0.0
epoch:79 0.0197  0.0559  0.0095  0.0  0.0068  0.0362  0.0355  0.1246  0.1575  0.0  0.0665  0.2717  0.3862  0.0
epoch:80 0.024  0.0708  0.0114  0.0  0.0054  0.0485  0.0407  0.1156  0.1503  0.0  0.0668  0.2547  0.3857  0.0
epoch:81 0.0225  0.0748  0.0055  0.0  0.008  0.0426  0.037  0.1155  0.1534  0.0  0.0757  0.2665  0.3877  0.0
epoch:82 0.0215  0.0752  0.0035  0.0  0.0078  0.0435  0.0348  0.12  0.1508  0.0  0.0631  0.2638  0.388  0.0
epoch:83 0.0206  0.0669  0.0088  0.0  0.0071  0.0461  0.044  0.1225  0.1557  0.0  0.064  0.278  0.3874  0.0
epoch:84 0.0189  0.0595  0.0076  0.0  0.0047  0.0404  0.0362  0.122  0.1497  0.0  0.0626  0.2727  0.3859  0.0
epoch:85 0.0199  0.0664  0.0084  0.0  0.007  0.0378  0.0362  0.113  0.1461  0.0  0.0679  0.2474  0.3847  0.0
epoch:86 0.0234  0.0733  0.0049  0.0  0.0075  0.0447  0.037  0.1129  0.1499  0.0  0.0661  0.2677  0.3859  0.0
epoch:87 0.0232  0.0753  0.0036  0.0  0.003  0.0423  0.0401  0.117  0.1491  0.0  0.0632  0.2576  0.3854  0.0
epoch:88 0.0207  0.0622  0.014  0.0  0.0071  0.0417  0.0376  0.1188  0.1518  0.0  0.0631  0.2702  0.386  0.0
epoch:89 0.0217  0.0682  0.0113  0.0  0.007  0.0391  0.0369  0.1163  0.1488  0.0  0.061  0.2596  0.3879  0.0
epoch:90 0.0191  0.0597  0.0104  0.0  0.0054  0.0347  0.0379  0.1192  0.1534  0.0  0.0684  0.2473  0.3864  0.0
epoch:91 0.0225  0.0744  0.0107  0.0  0.0032  0.0451  0.0381  0.1166  0.1465  0.0  0.0548  0.2608  0.387  0.0
epoch:92 0.0209  0.062  0.0066  0.0  0.0084  0.0394  0.044  0.1175  0.1491  0.0  0.0625  0.264  0.3857  0.0
epoch:93 0.0217  0.0665  0.0117  0.0  0.0076  0.0397  0.0353  0.1133  0.1451  0.0  0.0647  0.2487  0.3872  0.0
epoch:94 0.0169  0.0585  0.0046  0.0  0.006  0.0332  0.0326  0.1139  0.1418  0.0  0.0632  0.2306  0.386  0.0
epoch:95 0.0192  0.07  0.0054  0.0  0.0069  0.0364  0.0332  0.1041  0.1357  0.0  0.0621  0.231  0.3853  0.0
epoch:96 0.0195  0.0701  0.0058  0.0002  0.0074  0.0353  0.0312  0.1127  0.1424  0.0045  0.0601  0.2482  0.3857  0.0
epoch:97 0.0191  0.0591  0.0102  0.0  0.0078  0.038  0.0358  0.1221  0.1562  0.0  0.0664  0.2757  0.3846  0.0
epoch:98 0.0214  0.0707  0.0081  0.0  0.009  0.0486  0.0377  0.1256  0.151  0.0  0.0611  0.277  0.3866  0.0
epoch:99 0.0246  0.0746  0.0121  0.0  0.0072  0.0453  0.0488  0.1171  0.1499  0.0  0.0694  0.2516  0.3855  0.0
epoch:100 0.0184  0.062  0.0036  0.0  0.0056  0.0343  0.0334  0.1181  0.1526  0.0  0.0621  0.2592  0.3862  0.0
epoch:101 0.0222  0.0646  0.0127  0.0  0.0079  0.0467  0.0346  0.1221  0.1541  0.0  0.0693  0.2576  0.3875  0.0
epoch:102 0.0202  0.0625  0.0083  0.0  0.0072  0.0356  0.0311  0.1262  0.1535  0.0  0.0568  0.2801  0.3865  0.0
epoch:103 0.019  0.0637  0.0072  0.0  0.0049  0.041  0.0386  0.1148  0.1466  0.0  0.0603  0.2595  0.3872  0.0
epoch:104 0.0199  0.0636  0.009  0.0  0.0076  0.0401  0.0347  0.1178  0.1486  0.0  0.0684  0.2559  0.3862  0.0
epoch:105 0.0185  0.0712  0.0068  0.0  0.0056  0.0407  0.0363  0.1072  0.1425  0.0  0.0626  0.2541  0.3856  0.0
epoch:106 0.0173  0.0613  0.0042  0.0  0.0074  0.0319  0.0378  0.1078  0.1466  0.0  0.0666  0.267  0.3869  0.0
epoch:107 0.0161  0.0564  0.0044  0.0  0.0102  0.0315  0.0281  0.1177  0.1478  0.0  0.0625  0.2528  0.3848  0.0
epoch:108 0.0232  0.0722  0.0083  0.0  0.0068  0.0456  0.0452  0.1202  0.1509  0.0  0.0621  0.2744  0.387  0.0
epoch:109 0.0264  0.0739  0.0154  0.0  0.0087  0.0526  0.0466  0.1185  0.153  0.0  0.0675  0.2648  0.3859  0.0
epoch:110 0.0212  0.0681  0.0145  0.0  0.0067  0.0408  0.0384  0.1162  0.1504  0.0  0.0661  0.2684  0.3862  0.0
epoch:111 0.0241  0.0744  0.0094  0.0  0.0084  0.0472  0.0407  0.1257  0.159  0.0  0.0633  0.2815  0.3869  0.0
epoch:112 0.0196  0.072  0.0032  0.0  0.008  0.0373  0.0376  0.1164  0.1518  0.0  0.0662  0.2679  0.3859  0.0
epoch:113 0.0223  0.0684  0.0065  0.0  0.0068  0.0424  0.0397  0.1257  0.1581  0.0  0.0673  0.2773  0.39  0.0
epoch:114 0.0188  0.0653  0.0044  0.0  0.0052  0.0362  0.0324  0.1163  0.1457  0.0  0.0601  0.2485  0.3855  0.0
epoch:115 0.0238  0.0664  0.0098  0.0  0.0084  0.0436  0.042  0.1221  0.1562  0.0  0.0775  0.259  0.3862  0.0
epoch:116 0.0223  0.0695  0.0141  0.0  0.0083  0.0432  0.032  0.1195  0.1512  0.0  0.0623  0.2704  0.3876  0.0
epoch:117 0.0203  0.0605  0.0097  0.0  0.0066  0.0341  0.0328  0.1229  0.1544  0.0  0.0592  0.2751  0.3863  0.0
epoch:118 0.0181  0.0573  0.0045  0.0  0.0074  0.0324  0.0327  0.1184  0.1519  0.0  0.0676  0.2501  0.3852  0.0
epoch:119 0.0189  0.0601  0.0081  0.0  0.0035  0.0381  0.0257  0.1106  0.1394  0.0  0.0561  0.2439  0.387  0.0
epoch:120 0.0216  0.0709  0.0098  0.0  0.0034  0.0448  0.0389  0.1174  0.1443  0.0  0.0525  0.2744  0.3884  0.0
epoch:121 0.0234  0.069  0.0144  0.0  0.0053  0.043  0.0409  0.1208  0.1524  0.0  0.0641  0.2634  0.3863  0.0
epoch:122 0.0205  0.0671  0.0092  0.0  0.0045  0.0374  0.034  0.1121  0.1422  0.0  0.0598  0.2504  0.3874  0.0
epoch:123 0.018  0.0565  0.0065  0.0  0.0038  0.0371  0.0364  0.1166  0.1495  0.0  0.065  0.2551  0.3854  0.0
epoch:124 0.022  0.0669  0.008  0.0  0.0049  0.0422  0.042  0.1125  0.1479  0.0  0.0657  0.2598  0.3862  0.0
epoch:125 0.0229  0.071  0.0117  0.0  0.0055  0.043  0.0383  0.1173  0.1499  0.0  0.0592  0.2737  0.3853  0.0
epoch:126 0.02  0.0674  0.0092  0.0  0.0046  0.0382  0.0405  0.1097  0.1407  0.0  0.0495  0.2634  0.3863  0.0
epoch:127 0.0195  0.0612  0.0071  0.0  0.0074  0.0394  0.0341  0.1211  0.1536  0.0  0.0679  0.2633  0.3847  0.0
epoch:128 0.02  0.072  0.0063  0.0  0.009  0.042  0.0329  0.1149  0.1472  0.0  0.0649  0.2625  0.3863  0.0
epoch:129 0.0179  0.0561  0.0077  0.0  0.0046  0.039  0.0305  0.1174  0.1455  0.0  0.0636  0.2582  0.3852  0.0
epoch:130 0.0199  0.0781  0.0082  0.0  0.0088  0.0346  0.0337  0.1228  0.1531  0.0  0.064  0.2494  0.3861  0.0
epoch:131 0.0243  0.0798  0.0098  0.0  0.0055  0.0434  0.0391  0.1151  0.15  0.0  0.0626  0.2733  0.3867  0.0
epoch:132 0.0216  0.0689  0.0049  0.0  0.004  0.0428  0.0389  0.1133  0.1504  0.0  0.0667  0.2568  0.3863  0.0
epoch:133 0.0193  0.0612  0.0062  0.0  0.0045  0.0376  0.0374  0.1246  0.156  0.0  0.0638  0.2719  0.3854  0.0
epoch:134 0.0186  0.0621  0.0029  0.0  0.0083  0.0404  0.0343  0.1096  0.141  0.0  0.0637  0.2441  0.3883  0.0
epoch:135 0.0207  0.0635  0.0069  0.0  0.0063  0.0393  0.0366  0.1176  0.1455  0.0  0.0615  0.2521  0.3885  0.0
epoch:136 0.0223  0.0707  0.0079  0.0  0.0046  0.0428  0.0362  0.1103  0.1455  0.0  0.0616  0.2635  0.3856  0.0
epoch:137 0.0209  0.0682  0.0085  0.0  0.0055  0.0432  0.0326  0.1157  0.1493  0.0  0.0667  0.2698  0.3865  0.0
epoch:138 0.0221  0.065  0.0078  0.0  0.0044  0.0405  0.0352  0.1211  0.1504  0.0  0.0633  0.2518  0.3841  0.0
epoch:139 0.021  0.0633  0.0075  0.0  0.0076  0.0387  0.0381  0.117  0.1457  0.0  0.0655  0.2462  0.3868  0.0
epoch:140 0.0237  0.0736  0.0107  0.0  0.0084  0.0419  0.0452  0.1261  0.1585  0.0  0.067  0.2665  0.3897  0.0
epoch:141 0.0174  0.057  0.0058  0.0  0.0074  0.0346  0.0327  0.1067  0.1392  0.0  0.0582  0.234  0.3877  0.0
epoch:142 0.0239  0.0703  0.0118  0.0  0.0061  0.0446  0.0402  0.1241  0.1598  0.0  0.0694  0.2724  0.3867  0.0
epoch:143 0.0191  0.0672  0.0044  0.0  0.0044  0.0355  0.032  0.1103  0.1425  0.0  0.0589  0.2511  0.3862  0.0
epoch:144 0.0204  0.0694  0.0047  0.0  0.0057  0.0417  0.0401  0.1177  0.1457  0.0  0.0596  0.263  0.3871  0.0
epoch:145 0.0208  0.0661  0.009  0.0  0.0065  0.0414  0.0366  0.1163  0.147  0.0  0.0649  0.2526  0.3858  0.0
epoch:146 0.0216  0.0648  0.0101  0.0  0.0046  0.045  0.0382  0.1164  0.1463  0.0  0.0553  0.2598  0.3882  0.0
epoch:147 0.0223  0.0652  0.0164  0.0  0.0065  0.0432  0.0366  0.1224  0.154  0.0  0.0596  0.2658  0.3846  0.0
epoch:148 0.0183  0.0594  0.0029  0.0  0.0033  0.0391  0.0276  0.1106  0.1432  0.0  0.063  0.2653  0.3863  0.0
epoch:149 0.0158  0.0538  0.0036  0.0  0.0054  0.0328  0.0286  0.1111  0.1445  0.0  0.0598  0.264  0.3854  0.0
epoch:150 0.0203  0.0565  0.0104  0.0  0.0056  0.0428  0.0336  0.1131  0.1464  0.0  0.0648  0.2521  0.3856  0.0
epoch:151 0.0208  0.0651  0.0096  0.0  0.008  0.0394  0.0328  0.1201  0.1524  0.0  0.0659  0.2625  0.3841  0.0
epoch:152 0.0203  0.0682  0.0086  0.0  0.0071  0.0452  0.0317  0.1086  0.143  0.0  0.0694  0.2405  0.3854  0.0
epoch:153 0.0209  0.0635  0.0071  0.0  0.0092  0.0395  0.0368  0.1123  0.1469  0.0  0.0657  0.251  0.3859  0.0
epoch:154 0.0204  0.07  0.0028  0.0  0.005  0.0396  0.0357  0.1113  0.1425  0.0  0.0601  0.2533  0.3851  0.0
epoch:155 0.0191  0.0661  0.004  0.0  0.0067  0.0443  0.033  0.1219  0.1512  0.0  0.0676  0.244  0.3883  0.0
epoch:156 0.0231  0.063  0.0145  0.0  0.0073  0.0523  0.0381  0.1241  0.1613  0.0  0.0689  0.2837  0.3865  0.0
epoch:157 0.0204  0.0672  0.0088  0.0  0.0094  0.0428  0.0394  0.1157  0.1468  0.0  0.0604  0.2676  0.3867  0.0
epoch:158 0.0244  0.0626  0.0193  0.0  0.0054  0.0464  0.0397  0.123  0.1613  0.0  0.0705  0.2816  0.3858  0.0
epoch:159 0.0199  0.0715  0.0062  0.0  0.0091  0.0347  0.0351  0.1199  0.1527  0.0  0.0753  0.2615  0.3849  0.0
epoch:160 0.022  0.0717  0.0088  0.0  0.0113  0.0402  0.0381  0.1166  0.1491  0.0  0.0707  0.2537  0.3853  0.0
epoch:161 0.0209  0.0673  0.0064  0.0  0.0072  0.0422  0.041  0.1154  0.1506  0.0  0.0641  0.2681  0.3862  0.0
epoch:162 0.019  0.0596  0.0061  0.0  0.0052  0.0496  0.0383  0.1107  0.142  0.0  0.064  0.2417  0.3852  0.0
epoch:163 0.0198  0.0613  0.0096  0.0  0.0064  0.037  0.0391  0.1191  0.156  0.0  0.0732  0.2507  0.3867  0.0
epoch:164 0.0238  0.0665  0.0122  0.0  0.0067  0.0482  0.0415  0.1158  0.1484  0.0  0.0671  0.2536  0.3868  0.0
epoch:165 0.0227  0.0636  0.01  0.0  0.0062  0.0447  0.0391  0.1185  0.1455  0.0  0.06  0.2596  0.384  0.0
epoch:166 0.0239  0.0785  0.0118  0.0  0.0078  0.0391  0.0395  0.1208  0.154  0.0  0.068  0.2559  0.3848  0.0
epoch:167 0.0225  0.0716  0.0115  0.0  0.0056  0.0439  0.042  0.1185  0.1504  0.0  0.0615  0.2689  0.3865  0.0
epoch:168 0.0187  0.0599  0.0059  0.0  0.0056  0.0401  0.0311  0.1128  0.1469  0.0  0.0636  0.2706  0.3854  0.0
epoch:169 0.0234  0.0737  0.0101  0.0  0.0066  0.0446  0.0399  0.1252  0.1588  0.0  0.0697  0.2721  0.3884  0.0
epoch:170 0.0217  0.0711  0.0075  0.0  0.0055  0.0403  0.0329  0.1183  0.1513  0.0  0.0647  0.2684  0.3867  0.0
epoch:171 0.019  0.0688  0.0065  0.0  0.0059  0.0362  0.0324  0.1174  0.1487  0.0  0.0633  0.2488  0.387  0.0
epoch:172 0.0208  0.0673  0.0071  0.0  0.006  0.0431  0.0363  0.1143  0.1447  0.0  0.0627  0.2542  0.3864  0.0
epoch:173 0.022  0.0726  0.0102  0.0  0.008  0.0513  0.0402  0.1152  0.1505  0.0  0.077  0.2624  0.3857  0.0
epoch:174 0.0182  0.0602  0.0058  0.0  0.0068  0.038  0.0368  0.1146  0.1394  0.0  0.0561  0.2463  0.3882  0.0
epoch:175 0.0193  0.0663  0.0058  0.0  0.0064  0.0377  0.0349  0.1128  0.1516  0.0  0.0684  0.2578  0.3867  0.0
epoch:176 0.0185  0.0602  0.0084  0.0  0.0047  0.0485  0.0363  0.1217  0.1515  0.0  0.0579  0.2719  0.3863  0.0
epoch:177 0.0201  0.0653  0.0087  0.0  0.0059  0.0469  0.0334  0.1132  0.1366  0.0  0.0604  0.2425  0.388  0.0
epoch:178 0.0221  0.0688  0.0108  0.0  0.0047  0.0419  0.0377  0.1196  0.1528  0.0  0.0611  0.2753  0.3858  0.0
epoch:179 0.0222  0.0743  0.009  0.0  0.0053  0.0437  0.0403  0.1216  0.1576  0.0  0.0694  0.2714  0.3879  0.0
epoch:180 0.016  0.0643  0.0051  0.0  0.0078  0.0306  0.0278  0.1155  0.1464  0.0  0.0672  0.2571  0.3874  0.0
epoch:181 0.0219  0.0692  0.0102  0.0  0.0083  0.0428  0.0365  0.1194  0.149  0.0  0.0691  0.2631  0.3865  0.0
epoch:182 0.0219  0.0785  0.0041  0.0  0.0046  0.0426  0.0414  0.1153  0.1456  0.0  0.0637  0.252  0.3868  0.0
epoch:183 0.021  0.0711  0.0108  0.0003  0.0078  0.0419  0.0363  0.1226  0.155  0.0068  0.0688  0.2718  0.3863  0.0
epoch:184 0.024  0.0698  0.0104  0.0  0.0068  0.0561  0.0402  0.1221  0.1447  0.0  0.0547  0.264  0.3872  0.0
epoch:185 0.0186  0.068  0.0044  0.0  0.006  0.0395  0.0298  0.117  0.1506  0.0  0.0638  0.2568  0.3876  0.0
epoch:186 0.0214  0.067  0.0085  0.0  0.0046  0.0428  0.0386  0.1057  0.141  0.0  0.0626  0.2584  0.3861  0.0
epoch:187 0.0235  0.0603  0.015  0.0  0.0034  0.0546  0.029  0.1199  0.1491  0.0  0.0569  0.2814  0.3867  0.0
epoch:188 0.0241  0.0698  0.0136  0.0  0.0078  0.04  0.0346  0.1216  0.1583  0.0  0.0718  0.2549  0.3872  0.0
epoch:189 0.0205  0.0714  0.0057  0.0  0.0088  0.0371  0.0381  0.1202  0.1537  0.0  0.0714  0.2557  0.388  0.0
epoch:190 0.0188  0.0675  0.0057  0.0  0.007  0.0365  0.0326  0.1194  0.1483  0.0  0.0627  0.262  0.3858  0.0
epoch:191 0.0231  0.0801  0.0086  0.0  0.0094  0.045  0.036  0.1135  0.1458  0.0  0.0654  0.2566  0.3868  0.0
epoch:192 0.0234  0.0632  0.0097  0.0  0.008  0.0447  0.0439  0.1206  0.1507  0.0  0.0648  0.2611  0.3873  0.0
epoch:193 0.0245  0.081  0.0088  0.0  0.007  0.0428  0.0406  0.1139  0.1455  0.0  0.0655  0.2527  0.3856  0.0
epoch:194 0.0197  0.0642  0.0068  0.0  0.0071  0.0414  0.0369  0.1065  0.1438  0.0  0.068  0.2497  0.3872  0.0
epoch:195 0.0213  0.0673  0.0101  0.0  0.0079  0.0445  0.0382  0.1177  0.1529  0.0  0.0668  0.2599  0.3869  0.0
epoch:196 0.0199  0.0556  0.0119  0.0  0.0075  0.0405  0.0331  0.1101  0.1456  0.0  0.068  0.2535  0.3878  0.0
epoch:197 0.0226  0.0707  0.0121  0.0  0.0046  0.0428  0.0357  0.1152  0.1484  0.0  0.0595  0.2591  0.3851  0.0
epoch:198 0.0192  0.0694  0.0053  0.0  0.0063  0.0404  0.0374  0.1257  0.1576  0.0  0.0675  0.2692  0.3861  0.0
epoch:199 0.0229  0.0697  0.0101  0.0  0.0044  0.0449  0.0362  0.1197  0.1509  0.0  0.0605  0.2667  0.3838  0.0
