epoch:0 0.171  0.342  0.154  0.099  0.211  0.213  0.184  0.315  0.334  0.168  0.375  0.440  1.3826  0.08
epoch:1 0.230  0.419  0.230  0.132  0.266  0.288  0.224  0.374  0.395  0.216  0.435  0.512  1.0356  0.08
epoch:2 0.242  0.435  0.244  0.133  0.272  0.313  0.233  0.393  0.416  0.232  0.452  0.532  0.9718  0.08
epoch:3 0.261  0.456  0.269  0.145  0.284  0.326  0.248  0.415  0.440  0.260  0.475  0.550  0.9363  0.08
epoch:4 0.266  0.458  0.277  0.150  0.301  0.337  0.250  0.409  0.433  0.245  0.467  0.564  0.9145  0.08
epoch:5 0.272  0.465  0.286  0.155  0.309  0.348  0.251  0.407  0.429  0.247  0.461  0.561  0.8982  0.08
epoch:6 0.288  0.482  0.303  0.163  0.321  0.363  0.263  0.431  0.452  0.265  0.491  0.570  0.8859  0.08
epoch:7 0.287  0.483  0.302  0.164  0.320  0.363  0.268  0.432  0.454  0.268  0.483  0.584  0.8771  0.08
epoch:8 0.298  0.492  0.318  0.166  0.336  0.377  0.268  0.434  0.454  0.265  0.500  0.580  0.8685  0.08
epoch:9 0.289  0.484  0.306  0.156  0.325  0.374  0.263  0.428  0.450  0.252  0.490  0.589  0.8612  0.08
epoch:10 0.297  0.489  0.316  0.167  0.330  0.381  0.270  0.436  0.459  0.258  0.501  0.579  0.8547  0.08
epoch:11 0.299  0.494  0.317  0.171  0.335  0.382  0.272  0.439  0.461  0.276  0.501  0.586  0.8498  0.08
epoch:12 0.301  0.497  0.321  0.178  0.333  0.390  0.270  0.443  0.466  0.277  0.505  0.600  0.8461  0.08
epoch:13 0.307  0.503  0.327  0.175  0.345  0.388  0.276  0.441  0.465  0.269  0.510  0.574  0.8409  0.08
epoch:14 0.299  0.491  0.319  0.171  0.339  0.372  0.271  0.445  0.470  0.284  0.508  0.593  0.8355  0.08
epoch:15 0.306  0.503  0.324  0.166  0.342  0.396  0.278  0.443  0.468  0.271  0.511  0.598  0.8330  0.08
epoch:16 0.374  0.579  0.407  0.214  0.415  0.476  0.311  0.500  0.526  0.325  0.573  0.659  0.7421  0.008
epoch:17 0.379  0.587  0.409  0.214  0.420  0.484  0.316  0.502  0.528  0.322  0.569  0.668  0.7157  0.008
epoch:18 0.380  0.587  0.411  0.214  0.423  0.486  0.315  0.503  0.528  0.323  0.571  0.669  0.7016  0.008
epoch:19 0.381  0.588  0.413  0.216  0.422  0.490  0.317  0.508  0.532  0.332  0.574  0.676  0.6897  0.008
epoch:20 0.379  0.586  0.410  0.212  0.418  0.488  0.313  0.499  0.523  0.317  0.566  0.667  0.6802  0.008
epoch:21 0.378  0.587  0.408  0.210  0.418  0.488  0.314  0.496  0.520  0.314  0.560  0.667  0.6708  0.008
epoch:22 0.381  0.588  0.411  0.213  0.420  0.495  0.316  0.500  0.524  0.318  0.567  0.673  0.6497  0.0008
epoch:23 0.381  0.588  0.411  0.215  0.420  0.492  0.315  0.499  0.523  0.319  0.565  0.666  0.6447  0.0008
epoch:24 0.381  0.588  0.412  0.214  0.419  0.495  0.316  0.499  0.523  0.317  0.565  0.669  0.6421  0.0008
epoch:25 0.380  0.585  0.411  0.214  0.419  0.494  0.314  0.498  0.522  0.316  0.566  0.664  0.6398  0.0008
