epoch:0 0.172  0.321  0.167  0.065  0.195  0.250  0.188  0.307  0.324  0.147  0.366  0.440  1.3826  0.08
epoch:1 0.223  0.395  0.225  0.092  0.249  0.322  0.222  0.354  0.372  0.186  0.413  0.499  1.0356  0.08
epoch:2 0.235  0.408  0.241  0.100  0.258  0.350  0.230  0.372  0.392  0.204  0.429  0.517  0.9718  0.08
epoch:3 0.246  0.426  0.252  0.103  0.267  0.357  0.241  0.386  0.408  0.225  0.448  0.521  0.9363  0.08
epoch:4 0.250  0.424  0.257  0.106  0.272  0.367  0.242  0.381  0.400  0.210  0.438  0.530  0.9145  0.08
epoch:5 0.255  0.434  0.262  0.109  0.279  0.375  0.242  0.379  0.398  0.209  0.433  0.534  0.8982  0.08
epoch:6 0.270  0.456  0.283  0.120  0.293  0.392  0.254  0.403  0.421  0.229  0.462  0.551  0.8859  0.08
epoch:7 0.269  0.455  0.280  0.118  0.296  0.388  0.257  0.402  0.421  0.228  0.454  0.564  0.8771  0.08
epoch:8 0.276  0.465  0.290  0.120  0.301  0.398  0.255  0.401  0.418  0.227  0.461  0.553  0.8685  0.08
epoch:9 0.271  0.458  0.282  0.113  0.297  0.404  0.253  0.398  0.417  0.211  0.460  0.570  0.8612  0.08
epoch:10 0.277  0.463  0.289  0.119  0.299  0.410  0.258  0.405  0.425  0.221  0.466  0.558  0.8547  0.08
epoch:11 0.276  0.463  0.287  0.122  0.304  0.405  0.259  0.406  0.425  0.236  0.466  0.559  0.8498  0.08
epoch:12 0.276  0.464  0.288  0.127  0.294  0.409  0.257  0.406  0.425  0.236  0.459  0.563  0.8461  0.08
epoch:13 0.284  0.477  0.296  0.124  0.311  0.412  0.262  0.407  0.429  0.229  0.474  0.555  0.8409  0.08
epoch:14 0.277  0.464  0.292  0.121  0.304  0.397  0.257  0.410  0.431  0.238  0.473  0.565  0.8355  0.08
epoch:15 0.282  0.474  0.296  0.121  0.308  0.413  0.264  0.411  0.432  0.231  0.473  0.575  0.833  0.08
epoch:16 0.336  0.549  0.356  0.149  0.367  0.491  0.288  0.451  0.473  0.269  0.519  0.620  0.7421  0.008
epoch:17 0.339  0.553  0.360  0.153  0.371  0.496  0.292  0.454  0.475  0.271  0.518  0.624  0.7157  0.008
epoch:18 0.340  0.553  0.361  0.150  0.371  0.494  0.290  0.453  0.473  0.269  0.516  0.620  0.7016  0.008
epoch:19 0.341  0.555  0.363  0.154  0.372  0.500  0.293  0.458  0.478  0.273  0.522  0.630  0.6897  0.008
epoch:20 0.340  0.554  0.361  0.154  0.370  0.496  0.289  0.450  0.471  0.266  0.514  0.622  0.6802  0.008
epoch:21 0.338  0.552  0.358  0.151  0.367  0.500  0.289  0.447  0.467  0.262  0.507  0.622  0.6708  0.008
epoch:22 0.340  0.553  0.360  0.151  0.370  0.500  0.290  0.450  0.470  0.267  0.513  0.623  0.6497  0.0008
epoch:23 0.340  0.552  0.361  0.151  0.369  0.500  0.290  0.449  0.468  0.266  0.509  0.619  0.6447  0.0008
epoch:24 0.339  0.552  0.359  0.150  0.369  0.500  0.290  0.448  0.468  0.264  0.510  0.619  0.6421  0.0008
epoch:25 0.338  0.551  0.359  0.152  0.367  0.500  0.289  0.448  0.467  0.264  0.509  0.618  0.6398  0.0008
