epoch:0 0.4012  0.6088  0.4334  0.1691  0.3113  0.4498  0.4265  0.6233  0.6478  0.3362  0.5541  0.6977  1.0681  0.01
epoch:1 0.5028  0.7295  0.5441  0.2219  0.3913  0.5552  0.4624  0.6649  0.6875  0.4039  0.5928  0.7346  0.5422  0.01
epoch:2 0.5311  0.7614  0.5784  0.2439  0.4189  0.5852  0.4733  0.6774  0.698  0.417  0.6105  0.7441  0.4456  0.01
epoch:3 0.5439  0.7762  0.595  0.2412  0.4292  0.5996  0.4773  0.6835  0.7021  0.4137  0.6074  0.7494  0.3872  0.01
epoch:4 0.5404  0.7739  0.5949  0.2457  0.426  0.5968  0.4723  0.6818  0.7007  0.4363  0.6047  0.7479  0.347  0.01
epoch:5 0.5513  0.7867  0.6021  0.2415  0.4265  0.6087  0.4811  0.685  0.7041  0.4073  0.6088  0.7526  0.3166  0.01
epoch:6 0.5508  0.7909  0.6014  0.2327  0.4211  0.6116  0.478  0.6803  0.699  0.4081  0.5994  0.7485  0.2884  0.01
epoch:7 0.5617  0.7972  0.6142  0.2431  0.427  0.6223  0.4848  0.6862  0.7049  0.4184  0.6018  0.7551  0.2546  0.001
epoch:8 0.561  0.7986  0.6117  0.2342  0.4268  0.6223  0.4842  0.6855  0.705  0.4153  0.6051  0.7551  0.2462  0.001
epoch:9 0.563  0.7983  0.6153  0.2359  0.4336  0.6237  0.4849  0.6884  0.7068  0.4103  0.6063  0.7574  0.2428  0.001
epoch:10 0.563  0.7991  0.6167  0.2363  0.4334  0.6234  0.4854  0.6879  0.7062  0.4152  0.6063  0.7558  0.2391  0.001
epoch:11 0.5637  0.7984  0.6145  0.2341  0.4345  0.6241  0.4842  0.6894  0.7083  0.4136  0.6074  0.7581  0.2355  0.001
epoch:12 0.5624  0.7969  0.6155  0.2373  0.4292  0.623  0.4853  0.6866  0.7055  0.4136  0.6026  0.756  0.2323  0.0001
epoch:13 0.5632  0.7985  0.6155  0.2358  0.4342  0.6243  0.4858  0.6878  0.7065  0.4206  0.6039  0.7576  0.2307  0.0001
epoch:14 0.562  0.7977  0.6155  0.2309  0.4291  0.6234  0.4849  0.6869  0.7051  0.4198  0.6023  0.7558  0.2305  0.0001
epoch:15 0.5631  0.7984  0.6155  0.2324  0.4326  0.6238  0.4849  0.6876  0.706  0.4151  0.6039  0.7565  0.2313  0.0001
epoch:16 0.5632  0.7992  0.6164  0.2349  0.429  0.6245  0.4859  0.6871  0.7063  0.4186  0.604  0.7569  0.2302  0.0001
epoch:17 0.5637  0.7994  0.6164  0.2325  0.4312  0.6245  0.4854  0.6873  0.706  0.4109  0.6023  0.7567  0.2312  0.0001
epoch:18 0.5626  0.7984  0.6132  0.2333  0.431  0.6238  0.4854  0.6873  0.7056  0.4158  0.6025  0.7564  0.2298  0.0001
epoch:19 0.5613  0.7981  0.612  0.2365  0.4278  0.622  0.4855  0.6867  0.7047  0.4112  0.6  0.7554  0.2305  0.0001
