epoch:0 0.0413  0.109  0.0222  0.0107  0.0495  0.062  0.0567  0.0896  0.0919  0.0169  0.0882  0.1438  1.6263  0.01
epoch:1 0.0986  0.2188  0.0751  0.0359  0.1154  0.1411  0.111  0.167  0.1703  0.0504  0.1853  0.2523  1.0788  0.01
epoch:2 0.1258  0.2702  0.1021  0.0473  0.1483  0.1761  0.1359  0.2075  0.2132  0.0694  0.2369  0.3164  1.0252  0.01
epoch:3 0.1369  0.2809  0.1176  0.0543  0.1551  0.1961  0.1433  0.2086  0.2133  0.0778  0.2312  0.3145  0.992  0.01
epoch:4 0.1553  0.3137  0.1371  0.0635  0.1774  0.2202  0.1592  0.2367  0.2422  0.0918  0.2677  0.3499  0.9698  0.01
epoch:5 0.1626  0.3245  0.1439  0.0663  0.1869  0.2251  0.1663  0.2442  0.2501  0.0958  0.2726  0.3581  0.9524  0.01
epoch:6 0.1739  0.3442  0.1539  0.0752  0.2007  0.2348  0.1742  0.2617  0.2689  0.1091  0.3073  0.3663  0.9372  0.01
epoch:7 0.1762  0.3417  0.1609  0.0756  0.1963  0.2461  0.1728  0.2529  0.2583  0.1034  0.2799  0.3733  0.9238  0.01
epoch:8 0.1844  0.3551  0.1709  0.0792  0.2107  0.2535  0.1796  0.2716  0.2785  0.1134  0.3089  0.3964  0.9136  0.01
epoch:9 0.1909  0.3631  0.1811  0.0857  0.2172  0.2603  0.1837  0.2731  0.2797  0.1231  0.3095  0.3914  0.9045  0.01
epoch:10 0.1955  0.3684  0.1894  0.0858  0.2242  0.2667  0.1873  0.2756  0.282  0.1173  0.3138  0.3901  0.896  0.01
epoch:11 0.1995  0.373  0.1932  0.0856  0.2234  0.2732  0.1889  0.2804  0.2874  0.1217  0.3172  0.4012  0.8883  0.01
epoch:12 0.2067  0.38  0.2019  0.0884  0.2332  0.281  0.1962  0.2891  0.2959  0.1223  0.3251  0.4223  0.881  0.01
epoch:13 0.2109  0.3912  0.2052  0.0935  0.2408  0.2837  0.2016  0.3053  0.3138  0.1343  0.3526  0.4342  0.8743  0.01
epoch:14 0.2131  0.3901  0.206  0.0933  0.241  0.2885  0.2023  0.301  0.3086  0.13  0.3429  0.4311  0.8676  0.01
epoch:15 0.216  0.3968  0.2136  0.0967  0.2432  0.2984  0.2028  0.2999  0.307  0.1338  0.3364  0.4383  0.8631  0.01
epoch:16 0.2286  0.4099  0.2293  0.1024  0.2594  0.3138  0.2118  0.315  0.3228  0.1409  0.3608  0.4518  0.8302  0.001
epoch:17 0.2296  0.4102  0.2283  0.1027  0.2577  0.3116  0.2131  0.316  0.3239  0.1422  0.3564  0.4546  0.8255  0.001
epoch:18 0.2306  0.4125  0.2308  0.1031  0.2592  0.3155  0.213  0.3161  0.3242  0.1416  0.3585  0.4566  0.8239  0.001
epoch:19 0.2324  0.4163  0.2327  0.1042  0.2618  0.3163  0.2146  0.3193  0.3273  0.1483  0.3635  0.4543  0.8221  0.001
epoch:20 0.2306  0.4129  0.2293  0.103  0.2611  0.3147  0.2121  0.3143  0.3219  0.1394  0.359  0.4506  0.8216  0.001
epoch:21 0.2325  0.4147  0.2338  0.1052  0.2623  0.3167  0.2157  0.3185  0.3263  0.1458  0.3625  0.4546  0.8208  0.001
epoch:22 0.2321  0.4145  0.2313  0.1034  0.261  0.3226  0.2145  0.3181  0.3261  0.1428  0.3616  0.462  0.8159  0.0001
epoch:23 0.232  0.4143  0.2305  0.1036  0.2613  0.3198  0.2139  0.3181  0.3261  0.1433  0.3617  0.4559  0.8162  0.0001
epoch:24 0.2315  0.4136  0.2302  0.1032  0.2603  0.3209  0.2131  0.317  0.3249  0.1422  0.3598  0.4594  0.8161  0.0001
epoch:25 0.232  0.4145  0.2317  0.1035  0.2614  0.3219  0.215  0.3183  0.3262  0.1444  0.3605  0.4601  0.8158  0.0001
